[gd_scene load_steps=9 format=2]

[ext_resource path="res://Scenes/Beetle Mesh.tscn" type="PackedScene" id=1]
[ext_resource path="res://Assets/Enemy Material.tres" type="Material" id=2]
[ext_resource path="res://Scenes/Beetle.gd" type="Script" id=3]
[ext_resource path="res://Assets/Beetle Sound.ogg" type="AudioStream" id=4]

[sub_resource type="Animation" id=3]
resource_name = "Charge"
loop = true
tracks/0/type = "value"
tracks/0/path = NodePath("Mesh:rotation_degrees")
tracks/0/interp = 1
tracks/0/loop_wrap = true
tracks/0/imported = false
tracks/0/enabled = true
tracks/0/keys = {
"times": PoolRealArray( 0, 1 ),
"transitions": PoolRealArray( 1, 1 ),
"update": 0,
"values": [ Vector3( 0, 0, 0 ), Vector3( 0, 0, 0 ) ]
}

[sub_resource type="Animation" id=1]
length = 0.001
tracks/0/type = "value"
tracks/0/path = NodePath("Mesh:rotation_degrees")
tracks/0/interp = 1
tracks/0/loop_wrap = true
tracks/0/imported = false
tracks/0/enabled = true
tracks/0/keys = {
"times": PoolRealArray( 0 ),
"transitions": PoolRealArray( 1 ),
"update": 0,
"values": [ Vector3( 0, 0, 0 ) ]
}

[sub_resource type="Animation" id=2]
resource_name = "Turn"
length = 2.0
tracks/0/type = "value"
tracks/0/path = NodePath("Mesh:rotation_degrees")
tracks/0/interp = 1
tracks/0/loop_wrap = true
tracks/0/imported = false
tracks/0/enabled = true
tracks/0/keys = {
"times": PoolRealArray( 0, 2 ),
"transitions": PoolRealArray( 1, 1 ),
"update": 0,
"values": [ Vector3( 0, 0, 0 ), Vector3( 0, 180, 0 ) ]
}
tracks/1/type = "method"
tracks/1/path = NodePath(".")
tracks/1/interp = 1
tracks/1/loop_wrap = true
tracks/1/imported = false
tracks/1/enabled = true
tracks/1/keys = {
"times": PoolRealArray( 2 ),
"transitions": PoolRealArray( 1 ),
"values": [ {
"args": [  ],
"method": "TurnAround"
} ]
}

[sub_resource type="CapsuleShape" id=4]
radius = 0.5

[node name="Beetle" type="Spatial"]
script = ExtResource( 3 )

[node name="Mesh" parent="." instance=ExtResource( 1 )]

[node name="BoneAttachment" parent="Mesh/Pivot/Armature/Skeleton" index="0"]
transform = Transform( 0.707107, 4.58385e-08, 0.707107, -0.570009, -0.59176, 0.570009, 0.418438, -0.806114, -0.418438, 0.8, 3.46009, -0.251671 )

[node name="Right Wing" parent="Mesh/Pivot/Armature/Skeleton/BoneAttachment" index="0"]
material/0 = ExtResource( 2 )

[node name="BoneAttachment2" parent="Mesh/Pivot/Armature/Skeleton" index="1"]
transform = Transform( 0.707107, -4.58385e-08, -0.707107, 0.570009, -0.59176, 0.570009, -0.418438, -0.806114, -0.418438, -0.8, 3.46009, -0.251671 )

[node name="Left Wing" parent="Mesh/Pivot/Armature/Skeleton/BoneAttachment2" index="0"]
material/0 = ExtResource( 2 )

[node name="BoneAttachment3" parent="Mesh/Pivot/Armature/Skeleton" index="2"]
transform = Transform( 1, 0, 0, 0, -0.248791, 0.968558, 0, -0.968558, -0.248791, 0, 3.0325, -0.120624 )

[node name="Head" parent="Mesh/Pivot/Armature/Skeleton/BoneAttachment3" index="0"]
material/0 = ExtResource( 2 )

[node name="BoneAttachment4" parent="Mesh/Pivot/Armature/Skeleton" index="3"]
transform = Transform( 1, 0, 0, 0, -0.591345, 0.806419, 0, -0.806419, -0.591345, 0, 4.88087, 2.4 )

[node name="Body" parent="Mesh/Pivot/Armature/Skeleton/BoneAttachment4" index="0"]
material/0 = ExtResource( 2 )

[node name="Legs" parent="Mesh/Pivot/Armature/Skeleton" index="4"]
material/0 = ExtResource( 2 )

[node name="RayCast" type="RayCast" parent="."]
transform = Transform( 1, 0, 0, 0, 1, 0, 0, 0, 1, 0, 0.5, 0 )
enabled = true
cast_to = Vector3( 0, 0, -1 )

[node name="AnimationPlayer" type="AnimationPlayer" parent="."]
playback_process_mode = 2
method_call_mode = 1
anims/Charge = SubResource( 3 )
anims/RESET = SubResource( 1 )
anims/Turn = SubResource( 2 )

[node name="AudioStreamPlayer3D" type="AudioStreamPlayer3D" parent="."]
stream = ExtResource( 4 )
unit_db = 3.0
unit_size = 2.0
max_db = 6.0
autoplay = true
max_distance = 6.0
attenuation_filter_db = -12.0

[node name="Area" type="Area" parent="."]

[node name="CollisionShape" type="CollisionShape" parent="Area"]
transform = Transform( 1, 0, 0, 0, 1, 0, 0, 0, 1, 0, 0.5, -0.25 )
shape = SubResource( 4 )

[editable path="Mesh"]
